P(x) = -0.18455901918519313 + 10.27638399025714 X^1 - 163.91566262198563 X^2 + 1220.8548907126956 X^3 - 4346.313951121294 X^4 + 7102.399162995147 X^5 - 4212.4345320746315 X^6
P(0.20) = 0.13
