P(x) = 3.7443758228369433 X - 68.66763955890224 X^2 + 482.13563031244394 X^3 - 1074.4534288337047 X^4 - 1104.8239245498771 X^5 + 6460.513131325346 X^6 - 5473.306494190554 X^7
P(0.00) = 0.00
