P(x) = -0.1845590191852713 + 10.276383990257301 X - 163.91566262198512 X^2 + 1220.8548907126942 X^3 - 4346.313951121293 X^4 + 7102.399162995146 X^5 - 4212.4345320746315 X^6
P(0.55) = 2.14
